2363
2800
2759
2551
1010
1830
906
158
629
673
1378
2340
2714
818
1582
2810
4139
2364
3011
784
2752
1757
2847
1451
596
265
1561
1158
839
380
4763
2070
3956
4967
3514
835
4243
453
4213
1523
3906
566
941
169
1864
491
4404
3486
1762
3762
1881
71
785
861
74
3904
4835
2902
4299
774
689
1454
2959
2130
887
291
3142
302
2518
4115
3505
3062
2405
2072
2855
3385
4983
1589
1346
2181
1600
1608
520
3953
1348
2328
2446
490
1992
3332
524
1063
3298
4574
4581
127
346
2504
1052
1785
827
4719
2672
1191
4570
799
4271
4280
966
2735
306
4936
1894
3966
3740
2821
4765
3035
1860
801
1311
24
3985
3039
128
4606
3761
886
578
3107
1597
902
2093
2378
2892
3188
3559
2962
4020
4754
314
2820
4026
4610
4041
4741
284
2031
4579
118
142
1888
1387
650
2380
2687
3331
3827
1216
2019
4532
955
1603
868
2955
4443
2005
929
4344
1660
4234
1568
4199
4836
2670
3954
2131
1402
1020
4583
2102
454
1934
2726
4379
2857
1997
4718
4406
1128
2875
2608
3980
1826
1939
2054
590
4093
3058
312
1031
976
4819
4130
2187
3665
594
1207
4014
1406
3917
2853
970
1945
1905
2540
3951
1114
3325
2242
901
1123
3829
1606
534
1298
770
667
2303
3394
4656
3208
1944
4635
656
2174
1722
2547
4527
4617
600
3941
1823
2218
2649
2700
924
2014
3778
1655
679
1666
1141
3194
3723
3921
952
4499
1527
2176
1674
395
1182
1415
1270
1394
505
3843
129
1050
4300
479
1356
3935
1408
2677
805
1300
2396
2791
1872
1702
4919
4690
3185
4054
430
903
4639
3633
347
4288
4974
4691
1812
2834
4773
630
4890
1718
4019
4954
1507
2618
235
1061
1493
1714
3490
3893
2734
4658
1383
2204
4817
2916
1862
2448
3195
3886
2519
4160
102
1676
143
2294
1068
1362
1288
414
3932
725
210
607
1693
4885
1874
374
2697
475
64
4000
833
625
1053
1845
1861
4194
3314
4189
1771
3892
4903
739
4044
162
451
1821
3393
4052
2205
2827
152
3698
3077
1430
2582
4303
1513
3201
2711
4960
4843
1392
730
3320
4144
3165
620
2319
2043
4818
2282
2731
1680
1470
1146
473
741
565
533
2275
4366
3301
1751
2768
53
2938
2071
1754
1138
568
3802
795
2473
2710
4042
2659
3926
3512
4066
3358
3675
1230
320
1814
3099
3853
1185
1180
440
3875
1145
3876
2809
2601
2008
3708
723
4613
765
719
2623
2564
4778
1407
2175
1200
30
4297
2613
1082
2619
2604
1624
4560
2641
731
3362
2208
2913
1473
2861
3132
44
559
4294
396
4687
4067
4959
4822
2790
4329
1139
3711
1476
2367
1087
4210
2471
4040
3029
718
2234
4043
2674
530
1005
4733
2099
1481
4515
2999
1204
2837
3905
2841
1644
2537
2007
3056
264
4807
1633
3513
3689
1374
3164
3524
1770
1552
576
1280
3647
1160
1924
188
957
859
2943
1021
3960
1330
4382
1126
3731
1554
1253
4931
205
4649
422
1471
848
890
390
871
2627
2040
444
3908
3589
4745
1351
1658
3007
1217
4457
4664
2983
442
4486
90
986
2642
3546
212
882
157
4282
1711
1744
860
4257
3664
4772
2270
2182
1991
3939
3551
3148
3270
4904
879
4571
1211
1734
2124
4365
3695
3372
874
1547
4296
657
3456
2171
4523
2880
334
4966
2764
4689
4582
3836
4293
2248
2692
3308
1649
2738
421
2057
4105
1529
2266
648
4004
1745
381
2897
3268
1094
3279
1184
1040
4501
359
803
2665
4399
2615
3691
4537
1147
646
375
3375
4591
4035
1623
2081
13
3186
2413
3772
2607
3909
58
4726
4051
4816
2037
2246
3435
3509
2113
4742
3124
4706
3216
3343
804
4927
2225
670
3920
3946
2559
574
2191
2388
865
802
958
3248
1342
2669
1818
947
79
3085
1774
2146
1564
2476
4091
4174
2110
4085
2888
1837
2292
2592
2203
3914
4239
4133
2129
2774
2474
4491
1261
3581
2991
509
1521
3447
1038
2992
4744
2542
4396
2497
3214
2108
4743
77
408
4101
1730
1144
1218
3027
1006
3961
2772
2321
2940
788
3489
4749
3993
2252
3648
1804
1868
2998
1725
1775
1475
187
4331
2512
858
1289
3190
1025
2141
2651
2149
2013
2355
1907
4092
815
3744
1781
2198
404
4367
2170
3303
2632
728
4327
4832
2712
1796
4211
722
1935
4806
1251
511
325
3884
1544
2311
3743
669
1602
4128
141
1955
214
332
627
1389
2886
2199
2189
4283
3415
2588
17
2222
698
1709
1704
3774
443
3896
4859
885
2730
2634
1743
3397
935
3438
275
4018
2824
1612
3940
4073
2691
1884
4455
3612
3258
1787
3177
3034
1825
4407
2212
1777
3764
410
1675
1441
2501
4643
4994
2384
2798
1598
1065
4557
1829
2435
513
894
3726
3237
2654
2754
3461
4914
2488
2993
1652
4736
486
980
4253
427
3814
676
3604
121
4494
984
1252
1550
3133
2662
3350
528
1949
3319
1769
151
1098
1577
4858
3649
2148
3417
2365
4251
968
387
2125
3742
1029
176
2233
4668
546
4357
4881
2009
514
3931
913
3963
1368
2865
4163
4036
1097
94
4970
3989
4545
825
327
921
1570
4168
389
2500
4550
1809
1131
2806
1650
2581
777
993
2121
1332
3625
2536
3736
1101
3215
31
3866
4372
4887
2823
2348
1438
2094
3329
271
4978
432
3379
149
4853
2436
690
2655
2611
2704
2756
4016
3881
1763
1486
52
2452
4050
847
1119
4386
761
589
1889
712
4070
49
4801
2033
920
1514
3213
3907
4844
1980
98
3223
1255
1210
1843
4870
4195
2300
4384
779
2424
2051
3357
3105
2373
841
1921
4841
538
401
985
4465
3681
1495
1003
3697
3670
862
4738
619
4869
4528
2052
3221
4894
3125
4808
960
4161
202
4764
1694
3888
